  1947 01   2000
  1947 02   1983
  1947 03   2334
  1947 04   2658
  1947 05   2671
  1947 06   2338
  1947 07   2223
  1947 08   2371
  1947 09   2019
  1947 10   2077
  1947 11   1758
  1947 12   1710
  1948 01   1507
  1948 02   1310
  1948 03   1341
  1948 04   2097
  1948 05   2314
  1948 06   2018
  1948 07   1887
  1948 08   1772
  1948 09   1656
  1948 10   1580
  1948 11   1618
  1948 12   1873
  1949 01   1777
  1949 02   2148
  1949 03   2018
  1949 04   1838
  1949 05   1583
  1949 06   1625
  1949 07   1651
  1949 08   1795
  1949 09   1744
  1949 10   1772
  1949 11   1765
  1949 12   1601
  1950 01   1459
  1950 02   1398
  1950 03   1364
  1950 04   1655
  1950 05   1605
  1950 06   1328
  1950 07   1385
  1950 08   1239
  1950 09    997
  1950 10    993
  1950 11    997
  1950 12    980
  1951 01   1045
  1951 02    994
  1951 03   1015
  1951 04   1280
  1951 05   1725
  1951 06   1669
  1951 07   1202
  1951 08   1125
  1951 09   1191
  1951 10   1053
  1951 11   1021
  1951 12    992
  1952 01    924
  1952 02    842
  1952 03    778
  1952 04    846
  1952 05    827
  1952 06    875
  1952 07    917
  1952 08    956
  1952 09    823
  1952 10    824
  1952 11    816
  1952 12    830
  1953 01    805
  1953 02    711
  1953 03    697
  1953 04    816
  1953 05    741
  1953 06    753
  1953 07    721
  1953 08    774
  1953 09    751
  1953 10    715
  1953 11    698
  1953 12    686
  1954 01    665
  1954 02    675
  1954 03    711
  1954 04    692
  1954 05    695
  1954 06    694
  1954 07    700
  1954 08    716
  1954 09    709
  1954 10    727
  1954 11    710
  1954 12    731
  1955 01    816
  1955 02    800
  1955 03    740
  1955 04    779
  1955 05    847
  1955 06    917
  1955 07    902
  1955 08    930
  1955 09    961
  1955 10   1110
  1955 11   1272
  1955 12   1304
  1956 01   1366
  1956 02   1632
  1956 03   1590
  1956 04   1672
  1956 05   1670
  1956 06   1589
  1956 07   1681
  1956 08   1986
  1956 09   2031
  1956 10   2003
  1956 11   2450
  1956 12   2458
  1957 01   2238
  1957 02   1822
  1957 03   1958
  1957 04   2014
  1957 05   2132
  1957 06   2602
  1957 07   2252
  1957 08   2073
  1957 09   2699
  1957 10   2812
  1957 11   2535
  1957 12   2775
  1958 01   2434
  1958 02   2070
  1958 03   2492
  1958 04   2475
  1958 05   2235
  1958 06   2275
  1958 07   2314
  1958 08   2429
  1958 09   2462
  1958 10   2264
  1958 11   2046
  1958 12   2308
  1959 01   2657
  1959 02   2028
  1959 03   2270
  1959 04   2120
  1959 05   2175
  1959 06   2244
  1959 07   2097
  1959 08   2400
  1959 09   1965
  1959 10   1642
  1959 11   1807
  1959 12   1766
  1960 01   1961
  1960 02   1666
  1960 03   1453
  1960 04   1687
  1960 05   1663
  1960 06   1670
  1960 07   1693
  1960 08   1788
  1960 09   1663
  1960 10   1414
  1960 11   1457
  1960 12   1338
  1961 01   1181
  1961 02   1038
  1961 03   1038
  1961 04   1058
  1961 05   1016
  1961 06   1134
  1961 07   1203
  1961 08   1089
  1961 09   1140
  1961 10    961
  1961 11    883
  1961 12    919
  1962 01    919
  1962 02    997
  1962 03    994
  1962 04    969
  1962 05   1001
  1962 06    939
  1962 07    833
  1962 08    793
  1962 09    905
  1962 10    872
  1962 11    830
  1962 12    794
  1963 01    770
  1963 02    778
  1963 03    771
  1963 04    800
  1963 05    897
  1963 06    862
  1963 07    784
  1963 08    830
  1963 09    860
  1963 10    845
  1963 11    799
  1963 12    760
  1964 01    730
  1964 02    750
  1964 03    751
  1964 04    731
  1964 05    710
  1964 06    712
  1964 07    692
  1964 08    711
  1964 09    709
  1964 10    729
  1964 11    721
  1964 12    764
  1965 01    761
  1965 02    734
  1965 03    734
  1965 04    726
  1965 05    800
  1965 06    794
  1965 07    768
  1965 08    766
  1965 09    774
  1965 10    797
  1965 11    760
  1965 12    752
  1966 01    851
  1966 02    821
  1966 03    894
  1966 04    978
  1966 05   1008
  1966 06    994
  1966 07   1102
  1966 08   1092
  1966 09   1120
  1966 10   1079
  1966 11   1108
  1966 12   1207
  1967 01   1430
  1967 02   1434
  1967 03   1590
  1967 04   1308
  1967 05   1463
  1967 06   1240
  1967 07   1449
  1967 08   1576
  1967 09   1335
  1967 10   1351
  1967 11   1421
  1967 12   1579
  1968 01   1831
  1968 02   1689
  1968 03   1412
  1968 04   1304
  1968 05   1584
  1968 06   1468
  1968 07   1417
  1968 08   1457
  1968 09   1425
  1968 10   1514
  1968 11   1355
  1968 12   1438
  1969 01   1478
  1969 02   1515
  1969 03   1706
  1969 04   1565
  1969 05   1487
  1969 06   1673
  1969 07   1411
  1969 08   1466
  1969 09   1387
  1969 10   1529
  1969 11   1532
  1969 12   1391
  1970 01   1532
  1970 02   1712
  1970 03   1568
  1970 04   1631
  1970 05   1722
  1970 06   1599
  1970 07   1570
  1970 08   1416
  1970 09   1448
  1970 10   1473
  1970 11   1585
  1970 12   1480
  1971 01   1574
  1971 02   1344
  1971 03   1108
  1971 04   1175
  1971 05   1124
  1971 06   1049
  1971 07   1212
  1971 08   1169
  1971 09   1051
  1971 10   1064
  1971 11   1115
  1971 12   1207
  1972 01   1111
  1972 02   1384
  1972 03   1271
  1972 04   1137
  1972 05   1325
  1972 06   1397
  1972 07   1260
  1972 08   1289
  1972 09   1149
  1972 10   1202
  1972 11    994
  1972 12    997
  1973 01    990
  1973 02    963
  1973 03    994
  1973 04   1058
  1973 05    991
  1973 06    942
  1973 07    872
  1973 08    849
  1973 09   1068
  1973 10    871
  1973 11    797
  1973 12    815
  1974 01    804
  1974 02    789
  1974 03    784
  1974 04    867
  1974 05    926
  1974 06    890
  1974 07    955
  1974 08    851
  1974 09    887
  1974 10    971
  1974 11    883
  1974 12    786
  1975 01    750
  1975 02    724
  1975 03    717
  1975 04    712
  1975 05    716
  1975 06    719
  1975 07    797
  1975 08    927
  1975 09    804
  1975 10    753
  1975 11    791
  1975 12    723
  1976 01    724
  1976 02    688
  1976 03    759
  1976 04    768
  1976 05    722
  1976 06    728
  1976 07    698
  1976 08    766
  1976 09    739
  1976 10    754
  1976 11    713
  1976 12    743
  1977 01    749
  1977 02    803
  1977 03    758
  1977 04    782
  1977 05    814
  1977 06    945
  1977 07    837
  1977 08    864
  1977 09   1009
  1977 10    963
  1977 11    916
  1977 12    989
  1978 01   1061
  1978 02   1418
  1978 03   1403
  1978 04   1505
  1978 05   1497
  1978 06   1468
  1978 07   1354
  1978 08   1169
  1978 09   1596
  1978 10   1571
  1978 11   1482
  1978 12   1700
  1979 01   1965
  1979 02   1991
  1979 03   1840
  1979 04   1750
  1979 05   1689
  1979 06   1860
  1979 07   1714
  1979 08   1770
  1979 09   2023
  1979 10   2164
  1979 11   2268
  1979 12   1972
  1980 01   1996
  1980 02   1951
  1980 03   1665
  1980 04   2093
  1980 05   2291
  1980 06   1993
  1980 07   1908
  1980 08   1703
  1980 09   1859
  1980 10   2029
  1980 11   2134
  1980 12   2188
  1981 01   1690
  1981 02   1995
  1981 03   2032
  1981 04   2247
  1981 05   1989
  1981 06   1619
  1981 07   1982
  1981 08   2260
  1981 09   2219
  1981 10   2228
  1981 11   2033
  1981 12   2014
  1982 01   1734
  1982 02   2089
  1982 03   2083
  1982 04   1629
  1982 05   1479
  1982 06   1774
  1982 07   1648
  1982 08   1721
  1982 09   1671
  1982 10   1609
  1982 11   1637
  1982 12   1932
  1983 01   1377
  1983 02   1196
  1983 03   1173
  1983 04   1199
  1983 05   1402
  1983 06   1430
  1983 07   1291
  1983 08   1275
  1983 09   1102
  1983 10   1118
  1983 11    904
  1983 12    905
  1984 01   1124
  1984 02   1372
  1984 03   1208
  1984 04   1297
  1984 05   1311
  1984 06   1035
  1984 07    922
  1984 08    858
  1984 09    789
  1984 10    731
  1984 11    746
  1984 12    735
  1985 01    721
  1985 02    719
  1985 03    725
  1985 04    757
  1985 05    820
  1985 06    785
  1985 07    813
  1985 08    733
  1985 09    702
  1985 10    742
  1985 11    726
  1985 12    724
  1986 01    709
  1986 02    809
  1986 03    762
  1986 04    756
  1986 05    742
  1986 06    697
  1986 07    725
  1986 08    701
  1986 09    694
  1986 10    824
  1986 11    755
  1986 12    704
  1987 01    702
  1987 02    698
  1987 03    733
  1987 04    855
  1987 05    898
  1987 06    804
  1987 07    870
  1987 08    922
  1987 09    870
  1987 10    974
  1987 11    990
  1987 12    915
  1988 01   1046
  1988 02   1024
  1988 03   1138
  1988 04   1236
  1988 05   1179
  1988 06   1438
  1988 07   1576
  1988 08   1580
  1988 09   1541
  1988 10   1687
  1988 11   1528
  1988 12   1935
  1989 01   2278
  1989 02   2170
  1989 03   2030
  1989 04   1909
  1989 05   1944
  1989 06   2472
  1989 07   1878
  1989 08   2225
  1989 09   2284
  1989 10   2074
  1989 11   2300
  1989 12   2063
  1990 01   2034
  1990 02   1741
  1990 03   1870
  1990 04   1866
  1990 05   1940
  1990 06   1763
  1990 07   1866
  1990 08   2281
  1990 09   1793
  1990 10   1809
  1990 11   1803
  1990 12   1985
  1991 01   2221
  1991 02   2372
  1991 03   2276
  1991 04   2001
  1991 05   1945
  1991 06   2133
  1991 07   2189
  1991 08   2155
  1991 09   1825
  1991 10   2000
  1991 11   1683
  1991 12   2170
  1992 01   2106
  1992 02   2265
  1992 03   1696
  1992 04   1597
  1992 05   1282
  1992 06   1204
  1992 07   1365
  1992 08   1251
  1992 09   1180
  1992 10   1308
  1992 11   1420
  1992 12   1347
  1993 01   1172
  1993 02   1391
  1993 03   1350
  1993 04   1167
  1993 05   1149
  1993 06   1128
  1993 07   1022
  1993 08    960
  1993 09    879
  1993 10    997
  1993 11    938
  1993 12   1015
  1994 01   1113
  1994 02    972
  1994 03    895
  1994 04    797
  1994 05    817
  1994 06    797
  1994 07    832
  1994 08    780
  1994 09    799
  1994 10    871
  1994 11    791
  1994 12    748
  1995 01    800
  1995 02    835
  1995 03    842
  1995 04    782
  1995 05    771
  1995 06    781
  1995 07    763
  1995 08    757
  1995 09    728
  1995 10    775
  1995 11    726
  1995 12    703
  1996 01    721
  1996 02    698
  1996 03    700
  1996 04    699
  1996 05    717
  1996 06    718
  1996 07    735
  1996 08    742
  1996 09    701
  1996 10    687
  1996 11    769
  1996 12    753
  1997 01    716
  1997 02    720
  1997 03    728
  1997 04    740
  1997 05    763
  1997 06    740
  1997 07    734
  1997 08    810
  1997 09    972
  1997 10    843
  1997 11    974
  1997 12    957
  1998 01    904
  1998 02    911
  1998 03   1080
  1998 04   1090
  1998 05   1090
  1998 06   1118
  1998 07   1177
  1998 08   1394
  1998 09   1398
  1998 10   1166
  1998 11   1371
  1998 12   1455
  1999 01   1381
  1999 02   1386
  1999 03   1249
  1999 04   1180
  1999 05   1519
  1999 06   1752
  1999 07   1710
  1999 08   1750
  1999 09   1372
  1999 10   1637
  1999 11   1874
  1999 12   1645
  2000 01   1531
  2000 02   1691
  2000 03   2061
  2000 04   1855
  2000 05   1887
  2000 06   1855
  2000 07   2114
  2000 08   1672
  2000 09   1838
  2000 10   1666
  2000 11   1749
  2000 12   1682
  2001 01   1613
  2001 02   1431
  2001 03   1761
  2001 04   1793
  2001 05   1520
  2001 06   1792
  2001 07   1356
  2001 08   1671
  2001 09   2362
  2001 10   2066
  2001 11   2081
  2001 12   2282
  2002 01   2201
  2002 02   2001
  2002 03   1784
  2002 04   1911
  2002 05   1824
  2002 06   1534
  2002 07   1792
  2002 08   1884
  2002 09   1778
  2002 10   1659
  2002 11   1651
  2002 12   1523
  2003 01   1394
  2003 02   1214
  2003 03   1308
  2003 04   1272
  2003 05   1187
  2003 06   1334
  2003 07   1319
  2003 08   1252
  2003 09   1134
  2003 10   1501
  2003 11   1377
  2003 12   1114
  2004 01   1104
  2004 02   1044
  2004 03   1110
  2004 04   1019
  2004 05   1021
  2004 06   1005
  2004 07   1224
  2004 08   1127
  2004 09   1041
  2004 10   1051
  2004 11   1112
  2004 12    921
  2005 01    990
  2005 02    949
  2005 03    890
  2005 04    866
  2005 05   1017
  2005 06    966
  2005 07    996
  2005 08    928
  2005 09    921
  2005 10    761
  2005 11    844
  2005 12    879
  2006 01    808
  2006 02    747
  2006 03    747
  2006 04    896
  2006 05    827
  2006 06    790
  2006 07    783
  2006 08    814
  2006 09    786
  2006 10    738
  2006 11    844
  2006 12    819
  2007 01    808
  2007 02    758
  2007 03    715
  2007 04    729
  2007 05    760
  2007 06    760
  2007 07    740
  2007 08    709
  2007 09    678
  2007 10    671
  2007 11    681
  2007 12    761
  2008 01    719
  2008 02    694
  2008 03    722
  2008 04    707
  2008 05    699
  2008 06    680
  2008 07    678
  2008 08    680
  2008 09    678
  2008 10    678
  2008 11    671
  2008 12    670
  2009 01    676
  2009 02    683
  2009 03    686
  2009 04    703
  2009 05    721
  2009 06    708
  2009 07    704
  2009 08    690
  2009 09    712
  2009 10    718
  2009 11    720
  2009 12    744
  2010 01    785
  2010 02    827
  2010 03    825
  2010 04    765
  2010 05    754
  2010 06    748
  2010 07    824
  2010 08    815
  2010 09    819
  2010 10    812
  2010 11    807
  2010 12    816
  2011 01    808
  2011 02    923
  2011 03   1146
  2011 04   1133
  2011 05    979
  2011 06    988
  2011 07    972
  2011 08   1043
  2011 09   1359
  2011 10   1363
  2011 11   1498
  2011 12   1368
  2012 01   1289
  2012 02   1042
  2012 03   1138
  2012 04   1139
  2012 05   1242
  2012 06   1247
  2012 07   1405
  2012 08   1186
  2012 09   1243
  2012 10   1224
  2012 11   1183
  2012 12   1050
  2013 01   1230
  2013 02   1017
  2013 03   1101
  2013 04   1260
  2013 05   1342
  2013 06   1136
  2013 07   1192
  2013 08   1183
  2013 09   1036
  2013 10   1315
  2013 11   1451
  2013 12   1431
  2014 01   1550
  2014 02   1661
  2014 03   1483
  2014 04   1452
  2014 05   1330
  2014 06   1260
  2014 07   1418
  2014 08   1283
  2014 09   1493
  2014 10   1540
  2014 11   1512
  2014 12   1539
  2015 01   1370
  2015 02   1257
  2015 03   1250
  2015 04   1299
  2015 05   1225
  2015 06   1307
  2015 07   1105
  2015 08   1091
  2015 09   1030
  2015 10   1033
  2015 11   1071
  2015 12   1091
  2016 01   1001
  2016 02   1010
  2016 03    905
  2016 04    941
  2016 05    952
  2016 06    845
  2016 07    887
  2016 08    870
  2016 09    886
  2016 10    855
  2016 11    768
  2016 12    727
  2017 01    748
  2017 02    750
  2017 03    738
  2017 04    816
  2017 05    752
  2017 06    770
  2017 07    801
  2017 08    798
  2017 09    944
  2017 10    759
  2017 11    706
  2017 12    693
  2018 01    677
  2018 02    708
  2018 03    676
  2018 04    705
  2018 05    724
  2018 06    747
  2018 07    719
  2018 08    708
  2018 09    690
  2018 10    691
  2018 11    674
  2018 12    678
  2019 01    692
  2019 02    689
  2019 03    708
  2019 04    729
  2019 05    728
  2019 06    703
  2019 07    693
  2019 08    687
  2019 09    688
  2019 10    670
  2019 11    687
  2019 12    686
  2020 01    699
  2020 02    693
  2020 03    695
  2020 04    700
  2020 05    707
  2020 06    717
  2020 07    718
  2020 08    734
  2020 09    714
  2020 10    743
  2020 11    879
  2020 12    846
  2021 01    736   
  2021 02    719   
  2021 03    744   
  2021 04    753   
  2021 05    746   
  2021 06    794
  2021 07    836
  2021 08    797
  2021 09    882
  2021 10    885
  2021 11    843
  2021 12    838
